0 5.595886
0 6.2130036
0 6.813441
0 7.405443
0 7.9892654
0 8.614759
0 9.198516
0 9.7739725
0 10.374451
1 10.666355
0 10.958176
0 11.62534
1 11.908867
0 12.192364
0 12.826178
1 13.134755
0 13.4099245
0 14.035344
1 14.318883
0 14.594069
0 15.211162
1 15.502998
0 15.803214
0 16.428692
1 16.703903
0 16.995789
0 17.604597
1 17.863142
0 18.155005
0 18.797106
1 19.080633
0 19.380835
0 19.997967
0 20.298172
1 20.59004
0 21.223879
0 21.51575
1 21.799309
0 22.433092
0 22.72498
1 23.016846
0 23.633991
0 23.917532
1 24.201078
0 24.826494
0 25.126703
1 25.418568
0 26.027401
0 26.302574
1 26.577747
0 27.1865
0 27.445053
1 27.720224
0 28.379017
0 28.645842
1 28.94606
0 29.596546
0 30.221949
0 30.872406
1 31.139252
0 31.439468
0 32.04823
0 32.607
0 33.22408
1 33.507626
0 33.782806
0 34.399887
0 35.000313
0 35.625767
1 35.91764
0 36.201138
0 36.793232
0 37.37696
0 37.98574
1 38.269264
0 38.577827
0 39.194954
0 39.78704
0 40.412468
1 40.71267
0 41.01287
0 41.604984
0 42.23042
0 42.814144
1 43.106007
0 43.397865
0 44.00663
0 44.6071
0 45.24086
1 45.507706
0 45.82458
0 46.416645
0 47.00037
0 47.60911
1 47.917652
0 48.217854
0 48.834976
0 49.143517
1 49.43538
0 50.044147
0 50.361027
1 50.661247
0 51.245033
0 51.536896
1 51.8371
0 52.454124
0 52.7543
1 53.037872
0 53.613293
1 53.921833
0 54.213696
0 54.85584
1 55.147743
0 55.46464
0 56.065052
1 56.3486
0 56.682156
0 57.274315
1 57.55787
0 57.841423
1 58.408466
0 58.700386
0 59.01727
1 59.63435
0 59.926212
0 60.226414
1 60.818478
0 61.11868
0 61.427223
1 62.035965
0 62.327827
0 62.636368
1 63.211796
0 63.52867
0 63.820538
1 64.4543
0 64.74616
0 65.046364
1 65.663445
0 65.95531
0 66.24717
1 66.830894
0 67.11442
0 67.42296
0 67.98167
0 68.607086
0 69.22417
1 69.79955
0 70.41663
0 71.0087
0 71.63412
1 72.2095
0 72.84326
0 73.41865
0 74.01905
1 74.59444
0 75.20318
0 75.81192
0 76.41232
1 76.97937
0 77.60479
0 77.93001
1 78.21353
0 78.84729
0 79.15583
1 79.422676
0 80.056435
0 80.3483
1 80.63179
0 81.23219
0 81.532394
1 81.81592
0 82.44134
1 82.7332
0 83.01672
0 83.65048
1 83.91733
0 84.22587
0 84.82627
1 85.109795
0 85.39332
0 86.0104
1 86.3106
0 86.6108
0 87.2112
0 87.82828
0 88.42868
1 88.712204
0 88.99573
0 89.58779
0 90.22155
0 90.813614
1 91.0888
0 91.389
0 91.98943
0 92.598175
0 93.20692
1 93.50712
0 93.79898
0 94.382706
0 94.98311
0 95.60019
1 95.88371
0 96.183914
0 96.800995
0 97.117874
1 97.39306
0 98.01014
0 98.31034
1 98.593864
0 99.1943
0 99.51119
1 99.78636
0 100.42012
0 100.72866
1 101.02052
0 101.61259
1 101.92113
0 102.19631
0 102.80505
1 103.09692
0 103.38878
0 103.98918
1 104.28938
0 104.60626
0 105.215004
1 105.49853
0 105.79039