0 5.678508
0 6.2789364
0 6.8876805
0 7.4797683
0 8.055199
0 8.655651
0 9.239338
1 9.81474
1 9.964857
1 10.098306
1 10.240089
0 10.398559
0 10.573713
0 10.723848
1 10.915676
0 11.07414
0 11.240936
0 11.374383
1 11.532865
0 11.666315
0 11.833115
0 11.974899
1 12.133341
0 12.275104
0 12.4419
0 12.592007
1 12.758809
0 12.900596
0 13.059044
0 13.200821
1 13.342595
0 13.492699
0 13.642808
0 13.792918
1 13.943046
0 14.093161
0 14.24327
0 14.3766985
1 14.518487
0 14.668602
0 14.8270445
0 14.977166
1 15.127283
0 15.294081
0 15.452532
0 15.5859585
1 15.719382
0 15.877831
0 16.036293
0 16.194738
1 16.336512
0 16.486639
0 16.645092
0 16.778543
1 16.953701
0 17.087154
0 17.24562
0 17.379057
1 17.529192
0 17.670956
0 17.812716
0 17.954477
1 18.1296
0 18.2797
0 18.438139
0 18.5799
1 18.75502
0 18.896809
0 19.055254
0 19.197042
1 19.313807
0 19.505602
0 19.655735
0 19.797525
1 19.947643
0 20.089417
1 20.272879
0 20.397972
1 20.54808
0 20.689875
1 20.823328
0 20.973442
1 21.123568
0 21.25702
1 21.407127
0 21.565592
1 21.690691
0 21.849117
1 22.007559
0 22.157652
1 22.324392
0 22.457813
1 22.632927
0 22.774656
1 22.924723
0 23.074802
1 23.216545
0 23.36669
1 23.516825
0 23.683603
1 23.833683
0 23.967104
1 24.133883
0 24.267307
1 24.417406
0 24.559168
1 24.709253
0 24.86768
0 25.026117
0 25.176218
1 25.326292
0 25.493063
0 25.651505
0 25.801605
1 25.960045
0 26.110146
0 26.268559
0 26.41032
1 26.577099
0 26.70218
0 26.852278
0 26.99402
1 27.144123
0 27.294243
0 27.45268
0 27.602762
1 27.70283
0 27.902964
0 28.06974
0 28.194809
1 28.33656
0 28.478321
0 28.628422
0 28.7535
1 28.895273
0 29.045414
0 29.187199
0 29.337324
1 29.46241
0 29.6292
0 29.912733
1 30.27968
0 30.863417
0 31.146944
1 31.330423
0 31.472198
1 31.630642
0 31.797403
1 31.914148
0 32.105946
0 32.356113
1 32.672993
0 33.248383
0 33.53191
1 33.723705
0 33.865467
1 34.015564
0 34.165646
1 34.307407
0 34.47419
0 34.740997
1 35.057865
0 35.649952
0 35.950165
1 36.116978
0 36.267048
1 36.408813
0 36.558914
1 36.700676
0 36.85915
0 37.14267
1 37.451206
0 38.04324
0 38.33514
1 38.518597
0 38.668724
1 38.802147
0 38.952248
1 39.08567
0 39.25249
0 39.54437
0 39.84457
0 40.169792
0 40.461662
0 40.745216
1 40.903656
0 41.062096
1 41.203842
0 41.353943
1 41.512383
0 41.662483
0 41.962704
0 42.229565
0 42.538128
0 42.855007
0 43.16355
1 43.305313
0 43.463753
1 43.613853
0 43.772293
1 43.922398
0 44.097515
0 44.36436
0 44.6729
0 44.95643
0 45.25661
0 45.565197
1 45.731976
0 45.8654
1 46.032177
0 46.17394
1 46.33238
0 46.48248
0 46.75769
0 47.04117
0 47.34971
0 47.65825
0 47.95011
1 48.10857
0 48.267025
1 48.40879
0 48.56723
1 48.708996
0 48.867435
0 49.15096
1 49.44282
1 49.459496
0 49.993183
0 50.009865
1 50.50186
1 50.5102
1 50.810436
1 50.827114
0 51.227413
0 51.519283
1 51.836163
1 51.85284
0 52.378193
0 52.40321
1 52.87019
1 52.87853
1 53.153713
1 53.178734
1 53.612404
1 53.904266
0 54.204468
0 54.212807
1 54.788193
1 54.81321
0 55.27185
0 55.28019
0 55.555374
0 55.572052
1 55.972336
1 56.26429
0 56.589542
0 56.61456
1 57.18159
1 57.2066
0 57.67362
0 57.68196
0 57.957176
0 57.973858
0 58.382523
0 58.691013
1 58.999554
1 59.02457
0 59.60827
0 59.616604
1 60.05028
1 60.066956
0 60.358818
0 60.400513
1 60.792442
1 61.109367
0 61.409584
0 61.42626
1 61.96831
1 61.99333
0 62.45197
0 62.468647
1 62.777187
1 62.785526
0 63.21081
0 63.511013
1 63.819553
1 63.827896
0 64.36159
0 64.36993
1 64.82857
1 64.845245
0 65.17046
0 65.21216
1 65.629105
1 65.91263
0 66.22117
0 66.23785
1 66.788216
1 66.80489
0 67.24686
0 67.255196
1 67.563736
1 67.580414
0 68.030716
0 68.197495
0 68.347595
1 68.51437
0 68.67281
0 68.83125
0 68.98135
1 69.131454
0 69.281555
0 69.44833
0 69.598434
1 69.748535
0 69.906975
0 70.04874
0 70.19884
1 70.35728
0 70.4907
0 70.64914
0 70.7909
1 70.94934
0 71.08276
0 71.2412
0 71.382965
1 71.541405
0 71.67483
0 71.83327
0 71.98337
1 72.14181
0 72.27523
0 72.44201
0 72.58377
1 72.7422
0 72.883965
0 73.05074
0 73.192505
1 73.33427
0 73.48437
0 73.63447
0 73.77623
1 73.92633
0 74.06809
0 74.23487
0 74.37663
1 74.52673
0 74.676834
0 74.85195
0 74.985374
1 75.143814
0 75.293915
0 75.46069
0 75.602455
1 75.752556
0 75.88598
0 76.04442
0 76.18618
1 76.32794
0 76.48638
0 76.65316
0 76.79492
1 76.94502
0 77.095116
0 77.253555
0 77.38698
1 77.54542
0 77.70386
1 77.878975
0 78.0124
1 78.17084
0 78.29592
1 78.46269
0 78.57944
1 78.76289
0 78.88798
1 79.054756
0 79.17984
1 79.3633
0 79.48838
1 79.65517
0 79.78024
1 79.94703
0 80.08045
1 80.23889
0 80.372314
1 80.53909
0 80.672516
1 80.8393
0 80.972725
1 81.10615
0 81.26459
1 81.431366
0 81.57312
1 81.73156
0 81.86498
1 82.03176
0 82.165184
1 82.315285
0 82.45705
0 82.623825
0 82.773926
1 82.940704
0 83.090805
0 83.24088
0 83.38265
1 83.54943
0 83.68285
0 83.84129
0 83.983055
1 84.133156
0 84.27492
0 84.42502
0 84.56678
1 84.71688
0 84.86698
0 85.02542
0 85.16718
1 85.3423
0 85.48406
0 85.6425
0 85.78426
1 85.95104
0 86.076126
0 86.234566
0 86.36799
1 86.50975
0 86.67653
0 86.83497
0 86.96839
1 87.11849
0 87.251915
0 87.53544
1 87.8273
0 88.43604
0 88.736244
1 88.886345
0 89.044785
1 89.194885
0 89.344986
1 89.48675
0 89.64519
0 89.92871
1 90.23725
0 90.837654
0 91.146194
1 91.31297
0 91.454735
1 91.5965
0 91.7466
1 91.921715
0 92.06348
0 92.35534
1 92.65554
0 93.239265
0 93.52279
1 93.68957
0 93.82299
1 93.98143
0 94.13987
1 94.27329
0 94.44007
0 94.723595
1 95.040474
0 95.64088
0 95.94108
1 96.09952
0 96.25796
1 96.39972
0 96.54982
1 96.69158
0 96.85002
0 97.141884
0 97.442085
0 97.7673
0 98.05083
0 98.35937
1 98.526146
0 98.65957
1 98.80967
0 98.95143
1 99.11821
0 99.25997
0 99.56017
0 99.852036
0 100.160576
0 100.45244
0 100.7443
1 100.92776
0 101.06952
1 101.22796
0 101.35304
1 101.51148
0 101.653244
0 101.94511
0 102.23697
0 102.528824
0 102.837364
0 103.137566
1 103.32102
0 103.446106
1 103.612885
0 103.73797
1 103.88807
0 104.05485
0 104.33837
0 104.64691
0 104.938774
0 105.23064
0 105.5225
1 105.714294
0 105.84772
1 105.9728