0 2.500000
1 2.7853281
1 2.8520436
1 2.9521234
1 3.0105026
1 3.0938952
1 3.1606047
0 3.2773404
1 3.4524662
1 3.519186
1 3.6275961
1 3.7026515
1 3.7860506
1 3.8611038
0 3.96951
1 4.1529617
1 4.244685
1 4.3280673
1 4.4031115
1 4.4865294
1 4.561559
0 4.6699505
1 4.853393
1 4.936793
1 5.028512
1 5.1118917
1 5.1786013
1 5.261981
0 5.403734
0 5.4787936
0 5.5705214
0 5.637236
1 5.770668
1 5.8373795
1 5.937454
1 6.004173
0 6.1292667
1 6.929826
1 7.004859
1 7.113263
1 7.171642
0 7.3050747
0 7.371788
0 7.463512
0 7.5302196
1 7.680327
0 8.480903
1 8.664365
1 8.747714
1 8.847787
1 8.922854
1 9.022895
1 9.08963
0 9.214727
1 9.3982
1 9.481587
1 9.5816555
1 9.648376
1 9.748458
1 9.82351
0 9.956959
1 10.148768
1 10.215471
1 10.3238735
1 10.398916
1 10.49064
1 10.5656805
0 10.690762
1 10.874233
1 10.965967
1 11.0577
1 11.14109
1 11.21614
1 11.291199
0 11.407954
0 11.4746685
0 11.5664015
0 11.633112
1 11.766536
1 11.82492
1 11.924999
1 11.975042
0 12.100141
0 12.191897
0 12.275257
0 12.3586645
1 12.492095
1 12.567145
1 12.667214
1 12.792307
0 12.867353
1 14.418575
0 14.635414
0 14.710471
0 14.818878
0 14.89393
0 14.994008
0 15.077414
1 15.227549
0 15.427721
0 15.502789
0 15.602872
0 15.686263
0 15.778005
0 15.878078
1 16.011526
0 16.203321
0 16.303389
0 16.386795
0 16.486864
0 16.561922
0 16.636978
1 16.770401
0 16.95388
0 17.070639
0 17.129025
0 17.245773
0 17.312485
0 17.404215
1 17.51262
0 17.696077
0 17.779467
0 17.87121
0 17.962961
0 18.038029
0 18.129763
1 18.238174
0 18.42163
0 18.513357
0 18.596743
0 18.696789
0 18.763494
0 18.855223
1 18.963636
0 19.155434
0 19.238827
0 19.322218
0 19.422285
0 19.497335
0 19.580725
1 19.722483
0 19.914278
0 20.006008
0 20.08106
0 20.172794
0 20.247849
0 20.339596
1 20.481373
1 20.523066
0 20.798285
0 20.814962
0 20.965075
0 20.981752
1 21.165234
1 21.173573
0 21.540527
0 21.557205
1 21.865543
1 21.88222
1 22.14069
1 22.149029
0 22.407532
0 22.42421
1 22.616005
1 22.624344
0 22.782784
0 22.8078
1 22.974566
1 22.991243
0 23.158022
0 23.1747